0.101457 86
1.819004 1
0.055869 1
0.111305 1
0.224356 1
0.119724 1
0.097026 1
0.095538 1
0.148087 6
1.388716 2
0.001274 106
0.526981 1
0.093650 1
0.097183 1
0.088256 1
0.135913 1
0.079904 1
0.151877 1
0.063556 1
0.072155 1
0.296036 1
0.905255 1
0.295765 1
0.327753 1
0.240017 1
0.087290 1
0.608982 1
0.295877 1
0.128224 1
0.599954 1
0.087239 1
0.104370 1
0.095872 1
0.064442 1
0.111360 1
0.232562 1
0.095217 1
0.095884 1
0.064374 1
0.208638 1
0.183967 1
0.047154 1
0.102711 1
0.098041 1
0.072056 1
0.144239 1
0.191168 1
0.296667 1
0.711581 1
0.104106 1
0.111935 1
0.232626 1
0.127487 1
0.039041 1
0.105070 1
0.175715 1
2.522315 2
0.002533 26
0.000162 2
1.044205 39
0.000230 2
0.010061 48
0.000454 48
0.017557 48
0.111987 48
0.000183 49
0.000094 49
0.000087 49
0.000086 49
0.000086 49
0.000083 49
0.000084 49
0.000084 49
0.000083 49
0.000085 49
0.000085 49
0.000085 49
0.002582 49
0.000184 49
0.001629 49
0.000092 49
0.000079 49
0.000077 49
0.000076 49
0.000077 49
0.000077 49
0.000074 49
0.000076 49
0.000072 49
0.000073 49
0.000073 22
0.000075 27
0.000073 49
0.000075 49
0.000075 49
0.000075 49
0.000076 49
0.000076 49
0.000075 49
0.000075 49
0.000075 49
0.000323 50
0.000122 50
0.000120 50
0.000122 50
0.000164 50
0.000108 50
0.000105 50
0.000118 50
0.000121 50
0.000120 50
0.000121 50
0.000121 50
0.000121 50
0.000105 50
0.000083 50
0.000104 50
0.000121 50
0.000120 50
0.000121 50
0.000613 50
0.000887 50
0.000135 50
0.000036 50
0.000033 50
0.000034 50
0.000033 50
0.000033 50
0.000034 50
0.000033 50
0.000033 50
0.000032 50
0.000034 50
0.000032 50
0.000033 50
0.000033 50
0.000034 50
0.000032 50
0.000123 50
0.000059 50
0.000033 50
0.000033 50
0.000034 50
0.000033 50
0.000033 50
0.000033 50
0.000033 50
0.000033 50
0.000033 50
0.000033 50
0.000033 50
0.000032 50
0.000033 50
0.000034 50
0.000033 50
0.000033 50
0.000033 50
0.000032 50
0.000033 50
0.000033 50
0.000033 50
0.000033 50
0.000033 50
0.000033 53
0.000024 2
0.003598 35
0.000624 35
0.000247 35
0.000206 36
0.000368 36
0.000228 36
0.000237 36
0.000293 36
0.000239 36
0.000230 36
0.000187 36
0.000217 36
0.000191 36
0.009687 36
0.000194 36
0.000208 36
0.000200 36
0.000175 36
0.000222 36
0.000167 36
0.000279 36
0.000162 36
0.000147 36
0.000207 36
0.020010 36
0.000231 36
0.000109 36
0.000163 36
0.000197 37
0.080032 37
0.010134 37
0.003087 37
0.001037 37
0.951630 64
0.057337 64
0.401653 64
0.000243 64
0.001602 64
0.554081 62
1.017129 62
1.024581 62
0.147279 62
0.000632 62
0.000391 62
0.000178 62
0.000751 62
0.000255 62
0.000468 62
0.001516 62
0.000126 62
0.000182 62
0.000553 62
0.000121 62
0.000190 62
0.000125 62
0.000196 62
0.000136 62
0.000174 62
0.000654 62
0.000740 62
0.000134 62
0.000110 62
0.000106 62
0.000103 62
0.000144 62
0.000241 62
0.000176 62
0.000810 62
0.000306 62
0.000261 62
0.000266 62
0.000232 62
0.000214 62
0.000664 62
0.000095 62
0.000150 62
0.000187 62
0.940297 62
1.112236 63
1.089880 62
0.778240 62
0.765390 62
0.000255 62
0.005595 62
0.000157 62
0.000129 62
0.000120 62
0.000113 62
0.000114 62
0.000111 62
0.014332 70
0.000152 2
0.000266 62
0.000136 62
0.000108 62
0.000108 62
0.000107 62
0.000105 62
0.000229 62
0.000118 62
0.000104 62
0.000107 62
0.000105 62
0.000186 62
0.000114 62
0.000105 62
0.000101 62
0.000178 62
0.000135 62
0.000155 62
0.000133 62
0.000118 65
0.000077 2
0.000297 34
0.001319 35
0.000690 35
0.001247 35
0.002904 35
0.000700 35
0.000451 35
0.000242 35
0.000168 36
0.000596 36
0.000423 36
0.000427 36
0.000226 36
0.000581 36
0.000874 36
0.000250 36
0.000573 36
0.000184 36
0.000625 36
0.000255 36
0.000231 36
0.000173 36
0.000225 36
0.002466 36
0.000428 36
0.000230 36
0.000109 39
0.000071 2
0.065783 25
0.003764 5
0.000109 2
0.080708 106
0.892934 1
0.077977 1
0.177265 1
0.248618 1
0.159858 1
0.110998 1
0.200612 1
0.235134 5
1.068888 2
0.001804 124
0.540754 1
0.241374 1
0.119189 1
0.072384 1
0.175031 1
0.545211 1
0.119776 1
0.184431 1
0.063797 1
0.304403 3
0.256386 1
0.239042 1
0.212861 19
1.363661 1
0.135840 1
0.233060 2
0.013616 28
2.882249 2
0.042896 44
0.000113 2
0.000358 2
0.000227 106
0.000081 2
0.000120 2
0.000198 114
0.000076 2
0.000215 104
0.000080 2
0.000116 2
0.000932 72
1.826443 2
0.000556 57
0.166507 2
0.001942 59
0.143305 2
0.000475 97
0.119393 2
0.000577 86
0.119190 2
0.000525 63
0.353017 2
0.000677 67
0.518177 2
0.000559 70
0.343477 2
0.000582 2
0.000233 55
0.000033 2
0.000757 89
0.000041 2
0.000250 123
0.000035 2
0.004532 85
0.000133 2
0.003645 93
0.000132 2
0.003184 89
0.000114 2
0.002923 83
0.000917 2
0.003239 99
0.000116 2
0.002940 97
0.000114 2
0.002704 133
0.000103 2
0.000515 90
0.000092 2
0.000352 87
0.000090 2
0.002774 64
0.000103 2
0.000387 127
0.000092 2
0.000745 55
0.005116 2
0.000878 59
0.000166 2
0.000334 69
0.000082 2
0.000298 59
0.000082 2
0.000298 66
0.000078 2
0.000300 64
0.000079 2
0.001086 65
0.000088 2
0.000284 69
0.000088 2
0.000327 82
0.000078 2
0.000240 54
0.000078 2
0.000233 51
0.000078 2
0.000850 41
0.000084 2
0.000296 36
0.000083 2
0.000222 29
0.000077 2
0.000221 37
0.000119 2
0.000596 45
0.000084 2
0.000701 53
0.000083 2
0.000292 59
0.000079 2
0.000281 57
0.000078 2
0.000280 59
0.000077 2
0.000279 54
0.000079 2
0.000280 58
0.000078 2
0.000274 55
0.000440 2
0.000271 58
0.000072 2
0.000242 57
0.000071 2
0.000219 36
0.000071 2
0.000257 66
0.000072 2
0.000443 67
0.000155 2
0.092325 109
0.000111 2
0.000154 49
0.000045 2
0.000180 36
0.000048 2
0.000132 36
0.000044 2
0.000164 156
0.000046 2
0.000130 36
0.000044 2
0.000161 60
0.000045 2
0.000342 114
0.000048 2
0.000168 55
0.000045 2
0.000099 54
0.000033 2
0.000363 65
0.000035 2
0.000117 70
0.000033 2
0.000113 60
0.000033 2
0.000109 54
0.000033 2
0.000113 66
0.000032 2
0.000112 66
0.000032 2
0.000111 67
0.000033 2
0.000113 71
0.000032 2
0.000112 68
0.000033 2
0.000111 65
0.000032 2
0.000113 75
0.000033 2
0.000115 79
0.000033 2
0.000113 71
0.000033 2
0.000111 64
0.000032 2
0.000112 67
0.000033 2
0.000110 65
0.000032 2
0.000110 62
0.000033 2
0.000110 64
0.000033 2
0.000110 57
0.000033 2
0.000111 61
0.000033 2
0.000144 115
0.000034 2
0.000100 55
0.000032 2
0.000098 52
0.000032 2
0.000441 42
0.000042 2
0.000122 33
0.000033 2
0.000093 26
0.000032 2
0.000094 34
0.000032 2
0.000282 46
0.000037 2
0.000149 106
0.000033 2
0.000098 49
0.000033 2
0.000097 46
0.000032 2
0.000504 36
0.000043 2
0.000115 33
0.000033 2
0.000093 26
0.000032 2
0.000093 34
0.000032 2
0.000261 40
0.000036 2
0.000123 60
0.000034 2
0.000103 78
0.000033 2
0.000093 30
0.000033 2
0.000338 69
0.000036 2
0.000566 65
0.000041 2
0.000117 68
0.000033 2
0.002638 68
0.000047 2
0.000111 62
0.000033 2
0.000103 59
0.000033 2
0.000100 65
0.000033 2
0.000107 110
0.000032 2
0.000107 115
0.000163 2
0.000176 57
0.000034 2
0.000199 2
0.000060 94
0.000032 2
0.000040 2
0.000114 95
0.000033 2
0.000107 61
0.000033 2
0.000133 76
0.000032 2
0.000175 2
0.000059 99
0.000031 2
0.000040 2
0.000110 100
0.000033 2
0.007479 4
0.000077 2
0.000033 22
0.000032 2
0.003310 107
0.007410 2
0.000215 76
0.000035 2
0.000246 2
0.000060 83
0.000031 2
0.000037 2
0.000111 84
0.000032 2
0.000454 62
0.000035 2
0.000116 71
0.000032 2
0.000112 68
0.000031 2
0.000105 104
0.000031 2
0.000092 52
0.000032 2
0.000092 51
0.000030 2
0.000712 157
0.000093 2
0.000106 54
0.000032 2
0.001839 4
0.000074 35
0.000089 27
0.000033 2
0.001404 4
0.000043 32
0.000083 27
0.000035 2
0.000279 2
0.000065 122
0.000030 2
0.000039 2
0.000102 34
0.000031 2
0.000103 34
0.000033 2
0.000094 34
0.000031 2
0.000090 116
0.000031 2
0.000077 2
0.000056 103
0.000030 2
0.000037 2
0.000070 67
0.000031 2
0.863684 2
0.000112 75
0.000034 2
0.000041 2
0.000089 2
0.000066 140
0.000032 2
0.000042 2
0.000088 2
0.000066 206
0.000032 2
0.000041 2
0.000272 55
0.000035 2
0.000084 2
0.000091 83
0.000032 2
0.000052 2
0.000158 67
9.109921 1
0.046768 1
0.080858 1
0.258736 45
0.003360 124
3.346636 35
0.863864 4
0.128087 4
0.111687 4
1.031616 2
0.033131 2
0.000186 40
0.000082 2
0.000097 2
0.000209 117
0.000078 2
0.000246 96
0.000117 2
1.830683 1
0.183542 1
0.102431 1
0.056341 1
0.048562 1
0.064010 1
0.112544 1
0.120159 1
0.152212 1
0.143935 1
0.055816 1
0.103141 1
0.111808 1
0.112612 1
0.112013 1
0.088399 1
0.143949 1
0.135145 1
0.073118 1
0.134972 1
0.113003 1
0.087142 1
0.039080 1
0.121437 1
0.362113 410
1.983418 2
0.000407 57
0.352005 2
0.000616 59
0.286702 2
0.000466 97
0.279558 88
0.352398 2
0.000594 63
0.367164 2
0.000529 67
0.447607 2
0.000572 70
0.575663 2
0.000755 2
0.000276 55
0.000100 2
0.000706 89
0.000105 2
0.027223 123
0.000109 2
0.003201 85
0.000098 2
0.006585 93
0.007248 2
0.012209 89
0.000183 2
0.008867 83
0.000099 2
0.011018 99
0.000097 2
0.004278 97
0.006924 2
0.007936 133
0.000159 2
0.002296 90
0.000064 2
0.001931 87
0.000062 2
0.003156 64
0.000060 2
0.001647 127
0.000058 2
0.001995 55
0.000061 2
0.958818 59
0.000081 2
29.511506 69
0.000220 2
35.860311 59
0.000106 2
51.001105 66
0.000087 2
93.832613 64
0.000097 2
3.322407 65
0.000083 2
0.798394 69
0.000085 2
2.665978 82
0.000092 2
0.046479 77
0.000097 2
0.000031 39
0.000028 2
0.000083 39
1.679965 98
0.011045 12
0.340802 28
0.339008 25
0.152407 21
0.153937 22
0.151849 39
0.151438 40
0.156317 22
0.323159 42
0.153609 7
0.002192 161
0.332435 1
0.000829 116
0.318807 1
0.000095 116
0.199971 1
0.000168 116
0.302990 1
0.000084 116
0.215631 1
0.000085 116
0.200819 1
0.000094 116
0.201440 1
0.000159 116
0.199841 1
0.000119 116
0.171128 1
0.000084 116
0.000034 2
0.000030 2
0.157434 135
0.147561 51
0.000086 2
0.001925 41
0.000073 2
0.000233 36
0.000037 2
9.157978 29
0.000081 2
1.739267 4
0.000120 55
0.000039 2
4.684084 4
0.000093 55
0.000036 2
2.080766 4
0.000092 55
0.000069 2
0.348068 4
0.000110 55
0.000040 2
2.876234 4
0.000085 55
0.000037 2
0.531986 4
0.000093 55
0.000038 2
0.548508 4
0.000096 55
0.000040 2
0.526626 4
0.000090 55
0.000038 2
0.295342 4
0.000089 55
0.000038 2
1.748477 4
0.000087 55
0.000036 2
0.091964 61
0.000100 2
0.000202 168
0.000036 2
0.000030 15
0.000029 2
0.000028 21
0.000030 2
0.000068 168
0.000035 2
0.000029 15
0.000028 2
0.000028 21
0.000029 2
0.000048 168
0.000031 2
0.000029 15
0.000028 2
0.000028 21
0.000030 2
0.000054 168
0.000033 2
0.000027 15
0.000027 2
0.000026 21
0.000043 2
1.226269 74
0.000085 2
0.000128 170
0.000035 2
0.000029 15
0.000028 2
0.000028 21
0.000028 2
0.000049 170
0.000032 2
0.000028 15
0.000029 2
0.000027 21
0.000028 2
0.000045 170
0.000030 2
0.000029 15
0.000027 2
0.000028 21
0.000028 2
0.364152 60
0.000088 2
0.000132 170
0.000035 2
0.000029 28
0.000029 2
0.000028 22
0.000029 2
0.000048 170
0.000030 2
0.000029 28
0.000028 2
0.000028 22
0.000028 2
7.314082 37
0.000081 2
0.934239 45
0.000093 2
0.020873 53
0.000062 2
7.190335 59
0.000084 2
2.715671 57
0.000084 2
2.659451 59
0.000083 2
2.381175 54
0.000093 2
3.621858 58
0.000088 2
4.642890 55
0.000088 2
2.427327 58
0.000085 2
0.779738 57
0.000121 2
1.372036 5
0.000090 60
0.000031 2
0.180148 5
0.000196 71
0.000086 2
0.000156 5
0.000090 25
0.000066 2
0.000088 5
0.000059 25
0.000065 10
0.000332 2
0.115960 36
0.000067 2
3.108244 66
0.000101 2
2.474060 67
0.000101 2
14.539134 109
0.000088 2
0.036211 107
0.000375 2
0.000308 59
0.022604 15
0.000161 2
0.000053 19
0.000049 2
0.000072 83
0.036219 52
0.037501 240
0.000469 98
0.052254 445
0.166013 36
0.000083 2
0.000932 36
0.000041 2
2.847890 156
0.000098 2
0.002102 36
0.000087 2
3.484485 60
0.000148 2
5.083770 114
0.000084 2
0.040337 112
0.000076 2
0.059274 37
0.018983 14
0.000099 2
0.000038 14
0.000035 2
0.000059 61
0.124577 12
0.250971 40
0.160086 539
0.004795 529
0.000023 2
0.000046 75
0.033712 113
0.128628 12
0.284009 40
0.204056 6
0.000088 2
0.000652 8
0.000060 6
0.000043 7
0.000039 27
0.000032 2
0.000115 42
0.000038 2
0.000052 2
0.000094 1
0.000040 116
0.264475 1
0.000103 116
0.258718 1
0.000104 116
0.243495 1
0.000080 116
0.250054 1
0.000107 116
0.008825 1
0.000095 116
0.000076 2
0.000056 2
0.000136 86
0.000044 2
0.000037 2
0.003886 55
0.000050 2
0.360961 54
0.000330 2
0.002032 65
0.000092 2
0.980040 70
0.000088 2
0.821275 60
0.000084 2
0.837787 54
0.000084 2
2.595106 66
0.000093 2
2.282655 66
0.000097 2
2.281236 67
0.000081 2
0.795573 71
0.000089 2
2.099872 68
0.000097 2
2.156460 65
0.000092 2
3.988389 75
0.000161 2
1.421973 79
0.000146 2
3.247709 71
0.000098 2
2.206017 64
0.000093 2
0.825445 67
0.000098 2
2.344017 65
0.000084 2
10.592333 62
0.000086 2
6.917049 64
0.000090 2
12.133903 40
0.069984 41
0.000052 2
12.381912 57
0.000099 2
3.644855 61
0.000145 2
3.086598 115
0.000266 2
0.046934 113
0.000072 2
0.002654 37
0.029784 93
0.136191 12
0.281142 40
0.156866 9
0.000237 2
0.000285 523
0.000179 2
0.000322 526
0.000118 2
0.000164 75
0.021185 115
0.126325 12
0.260425 40
0.288575 6
0.000184 2
0.001979 8
0.000188 6
0.000088 7
0.000329 27
0.000069 2
0.000196 40
0.000073 2
0.000107 2
0.000173 1
0.000077 116
0.250026 1
0.000177 116
0.291110 1
0.000131 116
0.257480 1
0.000216 116
0.243092 1
0.000150 116
0.105864 1
0.000124 116
0.000065 2
0.000062 2
0.000147 84
0.000055 2
0.000046 2
0.001850 55
0.000325 2
0.044181 52
0.000105 2
0.002340 42
0.000106 2
0.000381 33
0.000061 2
3.509315 77
0.000093 2
0.708265 26
0.000098 2
3.601105 71
0.000089 2
0.000106 172
0.000036 2
0.000029 44
0.000029 2
0.000028 23
0.000029 2
0.447446 4
0.000089 55
0.000035 2
0.017340 34
0.000070 2
0.144853 46
0.000081 2
0.003282 106
0.000066 2
0.026552 104
0.004049 2
0.002398 37
0.012443 14
0.000077 2
0.000043 14
0.000041 2
0.000071 61
0.125908 12
0.263071 40
0.163540 9
0.000135 2
0.000271 516
0.000074 2
0.000184 519
0.000068 2
0.000202 75
0.019679 113
0.122452 12
0.263532 40
0.228174 6
0.000152 2
0.000958 8
0.000107 6
0.000105 7
0.000096 27
0.000083 2
0.000191 34
0.000089 2
0.000336 2
0.000179 1
0.000095 116
0.256087 1
0.000196 116
0.266578 1
0.000126 116
0.260459 1
0.000123 116
0.136414 1
0.000062 116
0.000035 2
0.000034 2
0.000122 78
0.000041 2
0.000030 2
0.001507 49
0.000066 2
0.023753 46
0.000095 2
0.001780 36
0.000078 2
0.000269 33
0.006725 2
3.553754 26
0.000078 2
0.219706 4
0.000126 55
0.000039 2
8.905297 34
0.000091 2
0.143589 40
0.000096 2
0.004765 60
0.000078 2
0.001319 78
0.000050 2
0.000254 30
0.000041 2
0.048304 69
0.000085 2
5.426681 65
0.000100 2
1.341716 68
0.000152 2
5.106853 68
0.000088 2
35.393410 62
0.000128 2
3.633024 59
0.000212 2
1.870910 65
0.000075 2
2.826142 110
0.000073 2
0.027583 101
0.005974 2
0.002290 37
0.018810 14
0.000079 2
0.000034 14
0.000033 2
0.000054 61
0.134877 12
0.266385 40
0.160816 9
0.000117 2
0.000102 109
0.000052 2
0.000112 112
0.000053 2
0.000083 67
0.041234 107
0.027820 12
0.060864 40
0.137683 417
0.002416 115
0.000119 2
0.058549 106
0.000102 2
0.003314 37
0.011862 14
0.003362 2
0.000028 14
0.000017 2
0.000044 61
0.124600 12
0.251235 40
0.148148 9
0.000036 2
0.000080 114
0.000020 2
0.000099 117
0.000023 2
0.000060 67
0.006669 14
0.000110 2
0.000065 91
0.029775 12
0.070446 40
0.147407 42
0.000109 42
0.000037 2
0.000077 2
0.000154 1
0.000175 116
0.002448 1
0.000114 116
0.000059 2
0.000056 2
0.000119 83
0.000059 2
0.000061 2
0.002301 117
0.000119 2
0.014978 136
0.000031 2
0.003217 95
0.000060 2
0.001484 61
0.000061 2
2.094258 78
0.007944 165
0.000023 2
0.002073 100
0.007737 2
0.914413 145
0.000086 2
0.000442 76
0.000038 2
0.015280 27
0.000096 2
1.023434 39
0.000234 2
0.126994 35
0.000382 35
0.000332 35
0.000249 35
0.000304 35
0.000380 35
0.000248 36
0.000347 36
0.000305 36
0.000241 36
0.000463 36
0.000571 36
0.000225 36
0.000594 36
0.000350 36
0.000354 36
0.002276 36
0.000127 36
0.000530 67
0.000114 2
0.000478 36
0.000119 36
0.000111 36
0.000581 36
0.000134 36
0.000224 36
0.000154 36
0.004619 36
0.000077 36
0.000049 36
0.000050 36
0.000238 36
0.000069 36
0.000113 36
0.000084 36
0.000040 36
0.000066 36
0.000043 36
0.000066 36
0.000196 36
0.000301 36
0.000564 36
0.000182 36
0.000088 36
0.000181 36
0.000086 36
0.000089 36
0.000064 36
0.000070 36
0.000094 36
0.000130 36
0.000078 36
0.000187 36
0.000087 36
0.000078 36
0.000136 36
0.000097 36
0.000062 36
0.000125 36
0.000078 36
0.000272 36
0.000078 36
0.000058 36
0.000171 37
0.000112 37
0.000099 37
0.000141 37
0.000074 37
0.000054 37
0.000049 37
0.000081 37
0.000058 37
0.000068 37
0.000077 37
0.000073 37
0.000073 37
0.000077 37
0.000104 37
0.000100 37
0.000082 37
0.000057 37
0.000039 37
0.000056 37
0.000053 37
0.000039 37
0.000056 37
0.000039 37
0.000049 37
0.000053 37
0.000096 37
0.000045 37
0.000054 37
0.000050 37
0.000080 37
0.000049 37
0.000053 37
0.000053 37
0.000039 37
0.000050 37
0.000056 37
0.000050 37
0.000051 37
0.000048 37
0.000057 63
0.000031 2
0.000075 33
0.000103 33
0.000392 34
0.000060 34
0.000055 34
0.000080 34
0.000070 34
0.000213 34
0.000077 34
0.000055 34
0.000250 34
0.000101 34
0.000084 34
0.000123 34
0.000166 34
0.000114 34
0.000151 34
0.000076 34
0.000078 34
0.000113 34
0.000169 34
0.000083 34
0.000087 34
0.000057 37
0.000040 2
0.010731 25
0.004386 5
0.000086 2
0.042377 115
0.000085 2
0.008283 84
0.000241 2
0.004184 62
0.000074 2
0.751768 71
0.000083 2
0.724351 68
0.000083 2
0.769227 104
0.000083 2
0.026642 98
0.000073 2
0.002335 43
0.033364 107
0.025602 12
0.058248 40
0.040003 6
0.000409 2
0.000077 8
0.000047 8
0.000052 6
0.000046 31
0.000039 2
0.000366 55
0.000050 2
0.000456 2
0.000113 1
0.000047 116
0.200626 1
0.000095 116
0.201355 1
0.000162 116
0.204471 1
0.000761 116
0.201537 1
0.000606 116
0.207097 1
0.000182 116
0.202321 1
0.000168 116
0.204176 1
0.000456 116
0.200050 1
0.000086 116
0.201514 1
0.000120 116
0.204273 1
0.000130 116
0.203037 1
0.000704 116
0.199380 1
0.000157 116
0.201896 1
0.000108 116
0.200717 1
0.000111 116
0.202424 1
0.000167 116
0.199831 1
0.000087 116
0.200740 1
0.000202 116
0.201409 1
0.000086 116
0.202118 1
0.000113 116
0.201723 1
0.000709 116
0.202895 1
0.000091 116
0.202049 1
0.000100 116
0.202823 1
0.000110 116
0.209893 1
0.000103 116
0.201574 1
0.000094 116
0.210714 1
0.000765 116
0.208261 1
0.000604 116
0.199822 1
0.000120 116
0.220389 1
0.000213 116
0.200938 1
0.000084 116
0.202670 1
0.000140 116
0.205606 1
0.000107 116
0.200733 1
0.000090 116
0.231819 1
0.000098 116
0.201459 1
0.000102 116
0.204432 1
0.000117 116
0.203107 1
0.000266 116
0.208432 1
0.000110 116
0.200338 1
0.000092 116
0.200134 1
0.000094 116
0.200160 1
0.000101 116
0.205006 1
0.000087 116
0.205301 1
0.000098 116
0.216581 1
0.000398 116
0.205607 1
0.000119 116
0.226676 1
0.000233 116
0.216626 1
0.000085 116
0.202084 1
0.000161 116
0.207062 1
0.000109 116
0.204360 1
0.000146 116
0.207468 1
0.000235 116
0.202709 1
0.000089 116
0.222443 1
0.000106 116
0.200593 1
0.000126 116
0.201837 1
0.000484 116
0.207832 1
0.000545 116
0.204583 1
0.000097 116
0.199965 1
0.000102 116
0.216618 1
0.000220 116
0.200212 1
0.000110 116
0.201149 1
0.000117 116
0.201942 1
0.000103 116
0.205272 1
0.000315 116
0.214743 1
0.000223 116
0.200930 1
0.000212 116
0.201480 1
0.000123 116
0.205735 1
0.000115 116
0.204004 1
0.000211 116
0.086273 1
0.000095 116
0.000050 2
0.000046 2
0.000127 104
0.000049 2
0.000041 2
0.001434 52
0.000058 2
10.565420 51
0.000096 2
0.009390 157
0.000109 2
0.038606 152
0.000072 2
0.000192 63
0.205509 135
0.184975 52
0.194048 242
0.417370 1
0.000141 116
0.200640 1
0.000317 116
0.217690 1
0.000040 116
0.201339 1
0.000032 116
0.202771 117
0.200289 1
0.000031 116
0.230829 1
0.000496 116
0.200345 1
0.000099 116
0.243421 1
0.000146 116
0.202202 1
0.000133 116
0.243241 1
0.000188 116
0.205054 1
0.000122 116
0.203255 1
0.000282 116
0.201911 1
0.000096 116
0.200595 1
0.000099 116
0.200546 1
0.000121 116
0.201351 1
0.000197 116
0.295407 1
0.000119 116
0.217737 1
0.000541 116
0.200257 1
0.000117 116
0.202763 1
0.000138 116
0.244838 1
0.000138 116
0.202145 1
0.000279 116
0.218725 1
0.000146 116
0.200554 1
0.000111 116
0.200837 1
0.000148 116
0.339199 1
0.000197 116
0.201699 1
0.000128 116
0.200352 1
0.000322 116
0.200959 1
0.000104 116
0.200399 1
0.000568 116
0.207295 1
0.000103 116
0.200191 1
0.000233 116
0.227848 1
0.000191 116
0.199839 1
0.000293 116
0.204790 1
0.000116 116
0.205943 1
0.000091 116
0.203679 1
0.000206 116
0.200841 1
0.000100 116
0.202915 1
0.000200 116
0.209894 1
0.000105 116
0.203467 1
0.000105 116
0.208165 1
0.000091 116
0.210366 1
0.000103 116
0.202911 1
0.000167 116
0.204479 1
0.000150 116
0.201180 1
0.000118 116
0.200380 1
0.000090 116
0.199931 1
0.000129 116
0.212099 1
0.000106 116
0.201304 1
0.000111 116
0.205890 1
0.000177 116
0.218544 1
0.000094 116
0.202232 1
0.000103 116
0.201153 1
0.000123 116
0.383076 1
0.000112 116
0.259559 1
0.000087 116
0.201281 1
0.000090 116
0.205076 1
0.000090 116
0.204940 1
0.000143 116
0.262385 1
0.000118 116
0.263724 1
0.000097 116
0.972978 1
0.000185 116
0.952498 1
0.000260 116
0.952133 117
1.053328 1
0.000031 116
0.549083 117
0.500325 117
0.951513 117
0.952109 117
1.054862 1
0.000038 116
0.549984 117
0.499458 1
0.000059 116
0.954351 117
0.553230 1
0.000059 116
0.496467 1
0.000050 116
0.952035 117
0.550342 117
0.501973 1
0.000303 116
0.496237 1
0.000085 116
1.098855 117
0.409951 117
0.612109 117
0.972124 117
0.419230 1
0.000164 116
0.952564 117
0.551250 1
0.000063 116
0.498338 1
0.000064 116
0.953469 117
0.550409 117
0.500513 117
0.951401 117
0.551770 117
0.502288 117
0.952243 117
0.550984 117
0.499283 1
0.000061 116
0.951532 117
0.951484 117
1.054420 117
0.952268 117
1.051402 117
0.951863 117
1.051560 117
0.951536 117
1.052017 1
0.000036 116
0.951625 117
1.054933 1
0.000046 116
0.952261 117
1.051234 1
0.000162 116
0.550798 117
0.498604 1
0.000049 116
0.960868 1
0.000140 116
0.999990 1
0.000161 116
0.993837 1
0.000063 116
0.552103 117
0.502755 1
0.000239 116
0.951680 117
0.550482 117
0.499728 1
0.000045 116
0.952266 117
0.550440 1
0.000037 116
0.500435 117
0.952768 117
0.552191 1
0.003104 116
0.497049 117
0.198924 1
0.000220 116
0.224691 1
0.000202 116
0.245198 1
0.003238 116
0.273956 1
0.000187 116
0.201932 1
0.000162 116
0.202478 1
0.000232 116
0.224922 1
0.000197 116
0.201346 1
0.000383 116
0.199473 1
0.000180 116
0.217519 1
0.000624 116
0.201202 1
0.000169 116
0.220683 1
0.000985 116
0.230692 1
0.000188 116
0.200987 1
0.000162 116
0.249490 1
0.000180 116
0.227858 1
0.000182 116
0.199704 1
0.000094 116
0.200111 1
0.000164 116
0.201179 1
0.000248 116
0.263139 1
0.000197 116
0.202627 1
0.000174 116
0.232295 1
0.000411 116
0.223376 1
0.000165 116
0.326663 117
0.201326 1
0.000169 116
0.212352 1
0.000176 116
0.222506 1
0.000174 116
0.201020 1
0.001317 116
0.208919 1
0.000183 116
0.298096 1
0.000159 116
0.209292 1
0.000681 116
0.215705 1
0.000172 116
0.208278 1
0.000231 116
0.199921 1
0.000157 116
0.217811 1
0.000218 116
0.227551 1
0.000247 116
0.230734 1
0.000382 116
0.204612 1
0.000941 116
0.225431 1
0.000572 116
0.205575 1
0.000154 116
0.952047 1
0.000064 116
0.950375 117
0.951503 117
0.952027 117
0.951264 117
0.951816 117
0.952282 117
0.951275 117
0.951726 117
0.952220 117
0.951785 117
0.950745 117
0.952419 117
0.356647 117
0.369163 1
0.000077 116
0.366239 1
0.000056 116
0.233840 1
0.000198 116
0.220778 1
0.000148 116
0.302411 1
0.000583 116
0.232704 1
0.000199 116
0.229224 1
0.000194 116
0.228092 1
0.000134 116
0.251583 1
0.000193 116
0.224241 1
0.000173 116
0.222209 1
0.000332 116
0.237114 1
0.000093 116
0.202132 1
0.000205 116
0.238168 1
0.000557 116
0.212043 1
0.000208 116
0.208920 1
0.000225 116
0.200007 1
0.000160 116
0.227203 1
0.000211 116
0.203393 1
0.000555 116
0.199334 1
0.000930 116
0.200518 1
0.000196 116
0.205591 1
0.000158 116
0.201170 1
0.000166 116
0.200363 1
0.000166 116
0.201755 1
0.000183 116
0.203185 1
0.000161 116
0.229956 1
0.000172 116
0.233049 1
0.000950 116
0.199115 1
0.000232 116
0.202234 1
0.000687 116
0.204264 1
0.000110 116
0.205888 1
0.000464 116
0.199913 1
0.000202 116
0.204529 1
0.000540 116
0.199886 1
0.000163 116
0.203610 1
0.000098 116
0.200073 1
0.000483 116
0.200140 1
0.000193 116
0.200053 1
0.000191 116
0.202420 1
0.000370 116
0.199768 1
0.000097 116
0.202196 1
0.000258 116
0.200299 1
0.000160 116
0.200312 1
0.000168 116
0.200912 1
0.000175 116
0.199899 1
0.000092 116
0.200306 1
0.000159 116
0.199901 1
0.000150 116
0.200224 1
0.000156 116
0.200603 1
0.000126 116
0.199842 1
0.000090 116
0.200403 1
0.000660 116
0.233324 1
0.000245 116
0.199192 1
0.000153 116
0.202393 1
0.000117 116
0.201888 1
0.000146 116
0.213830 1
0.000180 116
0.200208 1
0.000180 116
0.203130 1
0.000702 116
0.201923 1
0.000203 116
0.263987 1
0.000557 116
0.199788 1
0.000155 116
0.218859 1
0.000170 116
0.212287 1
0.000192 116
0.200967 1
0.000188 116
0.216014 1
0.000629 116
0.204521 1
0.000663 116
0.204271 1
0.000495 116
0.260762 1
0.000608 116
0.201686 1
0.000186 116
0.204673 1
0.000171 116
0.201373 1
0.000675 116
0.307137 1
0.000182 116
0.201004 1
0.000108 116
0.228590 1
0.000151 116
0.220881 1
0.000182 116
0.231887 1
0.000191 116
0.230628 1
0.000223 116
0.227675 1
0.000183 116
0.208093 1
0.000163 116
0.214134 1
0.000228 116
0.234894 1
0.000173 116
0.325406 1
0.000305 116
0.200327 1
0.000787 116
0.201567 1
0.000163 116
0.202709 117
0.208187 1
0.000728 116
0.214790 1
0.000157 116
0.200568 1
0.000128 116
0.201572 1
0.000210 116
0.255693 1
0.000209 116
0.198418 1
0.000106 116
0.277640 1
0.000643 116
0.233000 1
0.000156 116
0.204747 1
0.000221 116
0.263576 1
0.000200 116
0.202824 1
0.000187 116
0.202650 1
0.000182 116
0.203878 1
0.000176 116
0.217953 1
0.000282 116
0.199426 1
0.000100 116
0.221374 1
0.000200 116
0.199179 1
0.000517 116
0.205317 1
0.000146 116
0.199900 1
0.000158 116
0.200659 1
0.000108 116
0.200902 1
0.000180 116
0.268670 1
0.000620 116
0.228145 1
0.000470 116
0.200676 1
0.000184 116
0.233443 1
0.000213 116
0.201932 1
0.000172 116
0.201595 1
0.000161 116
0.212797 1
0.000186 116
0.204996 1
0.000566 116
0.206041 1
0.000170 116
0.225683 1
0.000225 116
0.205796 1
0.000188 116
0.203179 1
0.000195 116
0.262676 1
0.000199 116
0.199752 1
0.000154 116
0.203541 1
0.000199 116
0.202495 1
0.000194 116
0.202446 1
0.000477 116
0.199940 1
0.000173 116
0.201343 1
0.000181 116
0.203611 1
0.000167 116
0.208103 1
0.000160 116
0.206366 1
0.000169 116
0.202798 1
0.000259 116
0.202133 1
0.000181 116
0.213152 1
0.000186 116
0.200640 1
0.000426 116
0.205728 1
0.000663 116
0.229009 1
0.000200 116
0.286177 1
0.000145 116
0.373207 1
0.000033 116
0.009680 1
0.000119 116
0.000064 2
0.000062 2
0.000322 116
0.002963 2
0.000050 2
0.000874 54
0.000190 2
0.744214 2
0.000113 122
0.000032 2
0.000038 2
0.000114 81
0.000031 2
43.461017 85
0.000176 2
0.024964 81
0.000097 2
0.031971 116
0.000104 2
0.000257 113
0.000063 2
0.002525 74
0.000076 2
0.004535 78
0.000136 2
0.020206 55
0.000030 2
3.147458 2
0.000163 83
0.000039 2
0.000058 2
0.000170 67
2.544978 1
0.143747 1
0.192475 1
0.159192 1
0.080612 1
0.519016 2
0.006601 124
1.706613 1
0.399319 1
0.135147 1
1.993496 4
0.288038 4
0.607717 1
0.240591 1
0.127531 1
1.473727 8
